0 1
0 3
0 8
0 9
0 10
0 11
0 12
0 13
0 50
0 36
1 0
1 2
1 7
1 11
1 13
1 48
1 20
1 24
1 50
1 36
1 46
1 42
1 43
2 1
2 3
2 4
2 7
2 9
2 20
2 24
2 50
2 36
2 42
2 43
2 51
3 0
3 2
3 4
3 7
3 8
3 9
3 10
3 11
3 12
3 13
3 15
3 43
4 3
4 2
4 5
4 7
4 8
4 9
4 11
4 20
4 50
4 36
4 51
5 4
5 6
5 8
5 9
5 11
6 5
6 7
6 8
6 50
6 42
6 43
7 1
7 2
7 3
7 4
7 6
7 10
7 48
7 20
7 24
7 50
7 36
7 42
7 43
7 51
8 3
8 4
8 5
8 6
8 9
8 10
8 11
8 12
8 50
9 0
9 3
9 4
9 5
9 8
9 10
9 11
9 12
9 14
9 42
10 12
10 3
10 4
10 8
10 9
10 11
10 14
11 0
11 3
11 5
11 8
11 9
11 10
11 12
11 13
11 14
11 15
12 0
12 3
12 8
12 9
12 10
12 11
12 13
12 15
13 0
13 1
13 3
13 12
13 11
13 36
13 46
14 9
14 10
14 11
14 15
15 14
15 12
15 9
15 11
15 16
15 47
16 15
16 17
16 24
16 25
16 47
17 22
17 16
17 19
17 21
17 23
17 25
18 48
18 22
18 19
18 20
18 49
18 50
18 37
18 42
18 46
19 48
19 7
19 22
19 18
19 20
19 50
19 37
19 42
19 46
20 1
20 7
20 19
20 21
20 23
20 24
20 50
20 37
20 42
20 46
20 48
21 16
21 17
21 20
21 22
21 23
21 24
21 25
21 50
21 42
21 46
22 18
22 17
22 19
22 21
22 25
23 20
23 7
23 17
23 21
23 24
23 25
24 1
24 7
24 21
24 20
24 23
24 50
24 42
24 46
24 48
25 20
25 23
25 17
25 21
25 26
25 32
26 25
26 27
26 28
26 30
26 32
26 49
27 26
27 28
27 30
27 31
27 32
27 49
28 26
28 27
28 29
28 31
28 32
28 35
28 51
29 2
29 49
29 28
29 30
29 31
29 33
29 34
29 46
29 51
30 6
30 26
30 27
30 29
30 33
30 34
30 49
30 46
30 51
31 49
31 26
31 27
31 28
31 29
31 32
31 33
31 34
31 35
31 51
32 25
32 26
32 27
32 28
32 31
33 1
33 2
33 7
33 49
33 30
33 29
33 34
33 36
33 39
33 42
33 46
33 50
34 33
34 7
34 29
34 30
34 31
34 32
34 35
34 41
34 49
34 51
34 52
35 36
35 46
35 34
35 31
35 37
35 38
35 41
35 45
35 51
35 52
36 1
36 2
36 42
36 7
36 50
36 33
36 35
36 37
36 38
36 41
36 45
36 46
36 48
36 49
37 1
37 46
37 48
37 50
37 36
37 35
37 38
37 45
37 49
38 48
38 37
38 36
38 35
38 39
38 41
38 46
38 51
38 52
39 35
39 33
39 38
39 40
40 39
40 41
41 38
41 37
41 36
41 35
41 40
41 48
41 51
41 52
42 1
42 2
42 7
42 6
42 20
42 50
42 49
42 33
42 36
42 46
42 43
42 48
43 1
43 2
43 6
43 7
43 48
43 20
43 42
43 44
44 43
44 7
44 33
44 45
44 37
45 46
45 49
45 33
45 36
45 37
45 44
46 1
46 2
46 42
46 20
46 50
46 49
46 33
46 36
46 37
46 45
46 48
47 15
47 16
48 1
48 7
48 18
48 19
48 20
48 24
48 50
48 36
48 46
48 42
49 50
49 2
49 7
49 18
49 26
49 27
49 29
49 30
49 33
49 34
49 36
49 37
49 42
49 46
49 48
49 51
50 1
50 2
50 7
50 21
50 20
50 24
50 49
50 36
50 37
50 42
50 46
50 48
51 49
51 34
51 31
51 29
51 30
51 35
51 38
51 41
51 52
52 34
52 51
52 35
52 38
52 41