0 1
0 2
0 4
0 162
0 132
1 0
1 2
1 4
1 5
1 18
2 0
2 1
2 3
2 5
2 10
2 19
2 160
2 158
2 159
3 2
3 4
3 5
3 10
3 18
3 19
3 160
3 132
3 161
3 165
4 0
4 1
4 3
4 11
4 12
4 18
4 161
4 162
4 165
5 2
5 1
5 3
5 6
5 10
5 17
5 163
5 159
5 158
5 194
5 196
6 2
6 5
6 9
6 10
6 11
6 17
6 19
6 196
6 197
6 158
6 165
6 194
7 9
7 8
7 157
7 188
8 7
8 9
8 10
9 6
9 7
9 8
9 157
9 195
9 164
9 188
10 2
10 3
10 5
10 6
10 8
10 19
10 23
10 159
10 165
10 197
11 4
11 12
11 14
11 161
11 18
11 160
11 132
11 158
11 162
12 11
12 18
12 13
12 14
12 16
12 20
12 28
12 36
12 132
12 162
13 18
13 12
13 14
13 21
13 28
13 35
13 36
13 37
13 41
13 132
14 18
14 3
14 11
14 12
14 13
14 15
14 132
14 161
14 162
15 17
15 14
15 16
15 20
15 21
15 22
15 28
15 66
15 161
16 15
16 12
16 26
16 27
16 28
16 29
16 33
16 36
16 132
17 4
17 5
17 11
17 15
17 18
17 160
17 161
17 164
18 1
18 3
18 4
18 11
18 12
18 14
18 17
18 161
18 21
19 3
19 6
19 10
19 160
19 17
19 20
19 191
19 194
19 158
19 159
19 163
19 164
19 196
19 198
20 160
20 10
20 15
20 19
20 21
20 23
20 50
20 171
20 158
20 159
20 163
20 195
20 165
20 192
20 194
20 191
21 161
21 18
21 13
21 14
21 15
21 20
21 22
21 24
21 163
21 196
22 21
22 15
22 23
22 24
22 26
22 30
22 171
22 191
22 195
23 160
23 159
23 20
23 22
23 24
23 25
23 50
23 64
23 171
23 158
23 163
23 180
23 174
23 192
23 191
24 23
24 21
24 22
24 25
24 50
24 64
24 170
24 191
24 160
24 171
24 174
24 192
25 26
25 23
25 24
25 32
25 50
25 53
25 64
25 68
25 171
26 27
26 22
26 25
26 31
26 164
27 132
27 16
27 26
27 30
27 38
28 16
28 12
28 13
28 17
28 29
28 34
28 35
28 36
28 37
28 38
29 16
29 13
29 28
29 30
29 33
29 34
29 35
29 36
29 39
30 29
30 22
30 27
30 31
30 33
30 34
30 35
30 36
30 46
30 47
31 30
31 26
31 32
31 33
31 34
31 35
31 47
31 53
31 64
31 145
32 31
32 25
32 33
32 35
32 47
32 50
32 53
32 54
32 64
32 65
32 156
33 29
33 16
33 31
33 30
33 32
33 34
33 45
33 47
33 50
33 61
33 64
34 35
34 30
34 29
34 31
34 32
34 33
34 46
35 29
35 12
35 13
35 28
35 30
35 31
35 34
35 36
35 38
35 39
36 132
36 12
36 13
36 16
36 28
36 29
36 35
36 37
37 12
37 13
37 36
37 28
37 38
37 39
37 41
38 29
38 27
38 35
38 37
38 39
38 42
38 45
38 46
39 29
39 35
39 37
39 38
39 40
39 42
39 46
40 39
40 41
40 42
40 43
40 149
41 12
41 13
41 37
41 16
41 40
41 142
41 149
42 39
42 40
42 43
42 131
42 143
42 142
42 145
42 149
43 46
43 40
43 42
43 44
43 57
43 142
43 143
43 145
44 45
44 43
44 49
44 56
44 57
44 136
44 142
44 143
44 154
45 33
45 46
45 44
45 48
45 54
45 55
45 143
46 34
46 38
46 39
46 43
46 45
46 142
47 31
47 32
47 33
47 48
47 50
47 53
47 54
47 56
47 65
47 192
48 47
48 45
48 49
48 54
48 53
48 56
48 59
48 83
48 131
49 48
49 44
49 53
49 55
49 56
49 57
49 58
49 131
49 142
49 143
49 144
50 24
50 25
50 32
50 33
50 48
50 51
50 53
50 64
50 68
50 174
51 50
51 62
51 63
51 64
51 65
51 68
51 69
51 70
51 75
51 87
51 88
51 89
52 54
52 51
52 53
52 60
52 61
52 62
52 63
52 120
52 122
53 25
53 31
53 47
53 48
53 49
53 50
53 52
53 54
53 56
54 47
54 32
54 48
54 52
54 53
54 55
54 59
54 61
54 63
55 131
55 45
55 54
55 56
55 59
55 60
55 129
55 118
56 47
56 44
56 48
56 49
56 53
56 55
56 57
56 131
57 49
57 43
57 44
57 53
57 56
57 58
57 131
57 142
57 143
57 144
57 154
57 156
58 57
58 49
58 59
58 155
58 113
58 131
58 156
59 48
59 54
59 55
59 58
59 60
59 61
59 115
59 117
60 55
60 61
60 59
60 88
60 118
61 47
61 52
61 54
61 59
61 60
61 62
61 119
62 52
62 51
62 53
62 61
62 63
62 86
62 121
62 120
62 122
62 170
63 51
63 52
63 54
63 62
63 64
63 69
63 83
63 86
63 88
63 89
63 122
64 24
64 50
64 31
64 32
64 51
64 63
64 65
64 66
64 68
64 69
64 88
64 132
64 199
65 32
65 51
65 64
65 66
65 68
65 69
65 122
65 192
65 172
66 20
66 171
66 22
66 23
66 51
66 64
66 65
66 67
66 71
66 172
66 195
66 173
66 170
67 193
67 66
67 68
67 71
67 74
67 178
67 169
67 172
67 173
67 175
67 199
68 50
68 64
68 51
68 69
68 65
68 67
68 199
69 65
69 64
69 31
69 51
69 88
69 68
69 70
69 72
69 75
69 87
69 191
70 33
70 69
70 71
70 72
70 85
70 86
70 182
71 172
71 67
71 70
71 72
71 73
71 86
71 169
71 175
71 193
71 199
72 71
72 69
72 67
72 70
72 73
72 173
72 175
72 176
72 199
73 69
73 71
73 72
73 74
73 75
73 179
73 183
74 176
74 179
74 175
74 67
74 73
74 183
74 168
74 169
75 69
75 73
75 76
75 87
76 75
76 77
76 78
76 79
76 84
76 85
76 87
76 95
76 179
76 185
77 76
77 78
77 79
77 82
77 100
78 77
78 79
78 81
78 95
78 179
79 77
79 78
79 80
79 93
80 81
80 79
80 91
80 92
80 93
80 95
80 96
81 82
81 78
81 80
81 90
81 91
81 92
81 93
81 94
82 89
82 77
82 81
82 83
82 90
82 91
82 92
82 99
82 128
83 63
83 82
83 84
83 88
83 89
83 90
83 91
83 92
83 94
83 120
83 129
84 70
84 76
84 83
84 85
84 87
84 94
85 70
85 76
85 84
85 86
85 87
85 88
85 91
85 169
86 62
86 63
86 70
86 71
86 76
86 85
86 87
86 88
87 50
87 51
87 88
87 65
87 69
87 75
87 86
87 85
87 89
87 90
87 121
88 64
88 51
88 63
88 69
88 75
88 86
88 83
88 87
88 89
88 90
89 51
89 63
89 87
89 82
89 83
89 88
89 90
89 120
89 121
89 130
90 87
90 89
90 81
90 82
90 83
90 88
90 91
90 94
90 129
91 90
91 85
91 77
91 80
91 81
91 82
91 83
91 89
91 92
91 94
91 100
91 101
91 128
91 129
92 129
92 91
92 81
92 80
92 82
92 83
92 93
92 94
92 100
93 92
93 79
93 80
93 81
93 82
93 95
93 96
94 129
94 121
94 91
94 81
94 83
94 84
94 90
94 92
94 95
94 96
94 99
94 102
94 128
95 129
95 91
95 78
95 93
95 90
95 94
95 96
95 100
95 99
95 105
95 128
95 134
96 93
96 100
96 97
96 98
96 103
97 96
97 100
97 98
98 96
98 97
98 99
98 101
98 103
98 141
99 91
99 94
99 95
99 98
99 100
99 101
99 102
99 128
99 129
100 129
100 91
100 95
100 92
100 96
100 97
100 99
100 128
101 99
101 91
101 129
101 98
101 100
101 102
101 128
102 99
102 101
102 103
102 105
102 106
103 90
103 96
103 98
103 102
103 104
103 141
104 105
104 103
104 107
104 135
104 141
105 102
105 104
105 106
105 116
105 117
105 135
106 116
106 105
106 107
106 108
106 117
106 118
106 134
107 116
107 104
107 106
107 108
107 109
107 137
107 141
108 94
108 104
108 106
108 107
108 109
108 111
108 135
108 141
109 113
109 108
109 110
109 111
109 116
109 117
109 135
109 136
109 141
110 49
110 108
110 109
110 111
110 114
110 117
110 135
110 136
110 137
110 139
111 108
111 109
111 110
111 112
111 114
111 115
111 135
111 136
111 137
111 141
112 155
112 111
112 113
112 135
112 136
112 137
112 138
112 144
112 150
112 151
112 152
113 156
113 58
113 115
113 109
113 112
113 114
113 154
113 152
113 155
114 143
114 110
114 111
114 113
114 115
114 116
114 155
115 48
115 54
115 59
115 116
115 106
115 111
115 113
115 114
115 117
115 137
116 118
116 105
116 106
116 107
116 109
116 117
116 114
116 115
116 119
117 59
117 105
117 106
117 109
117 110
117 115
117 116
117 118
117 119
117 141
118 55
118 60
118 116
118 117
118 119
118 121
118 133
119 61
119 130
119 117
119 116
119 118
119 120
119 121
119 122
120 62
120 83
120 89
120 129
120 121
120 119
120 122
120 130
121 120
121 87
121 89
121 129
121 100
121 119
121 122
121 130
122 63
122 52
122 62
122 120
122 121
122 117
122 119
122 130
123 124
123 125
123 126
124 123
124 125
124 126
125 123
125 124
125 126
126 123
126 124
126 125
126 134
127 91
127 95
127 128
127 133
128 92
128 82
128 90
128 91
128 94
128 95
128 98
128 99
128 100
128 101
128 127
128 129
129 121
129 130
129 92
129 91
129 90
129 94
129 95
129 100
129 99
129 101
129 128
130 122
130 129
130 89
130 119
130 120
130 121
131 48
131 49
131 53
131 55
131 56
131 57
131 58
131 138
131 142
131 154
131 156
132 14
132 18
132 11
132 12
132 13
132 16
132 27
132 36
133 127
133 95
133 118
133 134
134 127
134 133
134 106
134 126
135 105
135 108
135 109
135 110
135 111
135 112
135 136
135 141
136 152
136 135
136 109
136 110
136 111
136 112
136 114
136 137
136 140
136 148
136 151
137 112
137 136
137 111
137 115
137 138
137 150
137 148
137 151
138 112
138 137
138 139
138 148
138 151
139 110
139 138
139 140
140 104
140 136
140 139
140 141
140 151
141 107
141 108
141 109
141 135
141 111
141 117
141 140
142 45
142 42
142 43
142 44
142 46
142 49
142 57
142 143
142 145
142 155
143 45
143 43
143 44
143 49
143 53
143 57
143 156
143 131
143 142
143 144
143 153
143 154
144 143
144 156
144 57
144 112
144 113
144 145
144 146
144 147
144 148
144 150
144 152
144 153
144 154
145 142
145 42
145 43
145 154
145 150
145 144
145 146
145 147
146 145
146 42
146 43
146 144
146 147
146 149
147 144
147 156
147 156
147 145
147 146
147 148
147 150
147 152
147 153
147 154
148 147
148 151
148 136
148 137
148 149
148 150
148 153
149 42
149 145
149 150
149 148
149 137
149 146
150 153
150 145
150 154
150 112
150 151
150 137
150 147
150 148
150 149
151 152
151 111
151 112
151 113
151 135
151 136
151 137
151 140
151 148
151 150
152 155
152 112
152 113
152 136
152 137
152 144
152 153
152 151
153 154
153 143
153 144
153 147
153 146
153 148
153 150
153 152
154 156
154 143
154 131
154 113
154 144
154 145
154 146
154 147
154 148
154 153
154 155
155 58
155 112
155 113
155 114
155 115
155 142
155 145
155 152
155 154
156 49
156 43
156 44
156 53
156 131
156 57
156 58
156 113
156 143
156 144
156 153
156 154
157 7
157 9
157 159
157 158
157 165
157 196
157 188
157 189
158 5
158 6
158 159
158 20
158 196
158 164
158 165
158 157
158 160
158 188
158 180
158 189
158 197
159 2
159 5
159 10
159 19
159 161
159 20
159 23
159 163
159 194
159 195
159 158
159 164
159 165
159 196
159 186
160 3
160 161
160 17
160 19
160 20
160 24
160 158
160 159
160 162
160 163
160 191
160 194
160 195
161 4
161 3
161 11
161 14
161 15
161 17
161 18
161 160
161 21
161 159
161 163
162 0
162 4
162 11
162 12
162 14
162 161
162 132
162 160
163 19
163 5
163 9
163 159
163 161
163 21
163 20
163 22
163 23
163 24
163 191
163 158
163 164
163 194
163 195
164 159
164 6
164 19
164 160
164 20
164 23
164 163
164 193
164 195
164 158
164 165
164 196
164 190
164 194
165 3
165 6
165 159
165 20
165 196
165 197
165 157
165 158
165 188
166 158
166 157
166 189
166 188
166 187
166 186
167 193
167 183
167 168
167 73
167 74
167 187
167 182
167 185
168 174
168 176
168 179
168 74
168 167
168 182
168 183
168 189
168 199
169 67
169 172
169 71
169 74
169 177
169 168
169 175
169 176
169 179
170 171
170 192
170 20
170 22
170 23
170 24
170 51
170 66
170 67
170 178
170 172
170 199
171 19
171 19
171 20
171 22
171 23
171 24
171 25
171 65
171 66
171 172
171 193
171 191
171 170
171 174
171 192
171 199
172 171
172 170
172 23
172 24
172 65
172 66
172 67
172 175
172 173
172 177
172 178
172 190
172 199
173 193
173 174
173 65
173 66
173 67
173 175
173 198
173 177
173 172
173 178
173 181
173 190
173 189
173 199
174 192
174 20
174 23
174 24
174 50
174 193
174 181
174 177
174 171
174 173
174 178
174 180
174 189
174 190
174 198
175 172
175 68
175 67
175 71
175 74
175 176
175 169
175 173
175 178
176 177
176 193
176 67
176 169
176 74
176 197
176 168
176 175
176 179
176 180
177 198
177 193
177 174
177 173
177 74
177 197
177 179
177 169
177 176
177 178
177 180
177 189
177 190
177 192
178 193
178 174
178 172
178 67
178 71
178 197
178 173
178 175
178 177
178 190
178 189
178 198
179 180
179 174
179 169
179 177
179 74
179 77
179 86
179 167
179 168
179 176
179 192
179 198
180 197
180 194
180 174
180 176
180 73
180 74
180 173
180 177
180 179
180 181
180 189
180 190
180 192
180 193
180 198
181 6
181 193
181 192
181 174
181 157
181 198
181 183
181 173
181 180
181 182
181 184
181 190
181 189
181 197
182 181
182 70
182 168
182 157
182 167
182 183
182 184
182 189
183 184
183 198
183 181
183 168
183 74
183 76
183 167
183 182
184 197
184 189
184 193
184 192
184 182
184 180
184 174
184 181
184 183
184 186
184 190
184 198
185 186
185 168
185 74
185 167
185 187
186 197
186 190
186 196
186 198
186 174
186 158
186 187
186 184
186 185
187 180
187 166
187 185
187 184
187 181
187 186
187 190
188 158
188 157
188 189
188 165
188 166
188 173
188 197
189 158
189 157
189 197
189 193
189 166
189 181
189 181
189 198
189 178
189 184
189 190
189 188
190 158
190 189
190 197
190 193
190 198
190 180
190 184
190 181
190 186
190 187
191 19
191 5
191 9
191 163
191 15
191 20
191 22
191 23
191 24
191 65
191 171
191 158
191 162
191 164
191 192
192 191
192 20
192 23
192 24
192 50
192 171
192 122
192 181
192 174
192 177
192 178
192 180
192 190
192 193
193 19
193 159
193 6
193 194
193 192
193 174
193 173
193 177
193 195
193 181
193 178
193 180
193 186
193 198
193 190
193 197
194 19
194 5
194 6
194 161
194 20
194 163
194 23
194 164
194 159
194 181
194 193
194 198
194 195
195 159
195 6
195 160
195 20
195 19
195 22
195 163
195 193
195 173
195 198
195 158
195 164
195 178
195 194
196 159
196 6
196 19
196 164
196 163
196 158
196 165
196 189
196 197
196 186
196 190
197 159
197 6
197 19
197 196
197 178
197 180
197 165
197 158
197 198
197 173
197 181
197 184
197 186
197 189
197 190
197 193
198 195
198 160
198 20
198 19
198 193
198 178
198 177
198 194
198 174
198 173
198 180
198 181
198 184
198 186
198 189
198 190
198 197
199 173
199 172
199 64
199 67
199 68
199 71
199 178
199 175
199 183